function [Cr2O3_peaks,Al2O3_peaks] = getPeakReference()
% c m r(01.2) a r(02.4)
Cr2O3_peaks = [39.78 ; 65.11 ; 24.48 ; 36.19 ; 50.20];
% Cr2O3_peaks_own = [nan; 65.2 ; 24.6 ; 36.3 ];


Al2O3_peaks = [41.68 ; 68.27 ; 25.59 ; 37.81 ; 52.58];

end